0.0
-0.0025360175168633236
-0.007915353295242206
-0.014397594461515128
-0.021300673245938716
-0.028355950795309292
-0.035456251736493756
-0.04255730378395523
-0.04963920143077033
-0.05669134383007062
-0.06370654742500073
-0.07067872429897006
-0.0776019523565156
-0.08447008288476288
-0.09127655517049124
-0.09801429150390467
-0.10467561791446452
-0.11125219522888795
-0.11773496065234992
-0.12411404845079853
-0.13037874170442876
-0.13651738034663305
-0.14251731675185472
-0.1483648174833935
-0.15404501996629405
-0.15954183392118848
-0.16483790113860722
-0.16991450192841834
-0.17475152385216297
-0.1793273802248114
-0.18361899648871344
-0.18760175141658905
-0.19124949236550218
-0.1945345147631537
-0.19742762008298664
-0.1998981549279463
-0.20191412809502274
-0.2034423364047014
-0.20444855886409277
-0.204897802149611
-0.20475458799912868
-0.20398335545033258
-0.20254885369649098
-0.20041673025441206
-0.1975540495842332
-0.19393004674490788
-0.1895168437701887
-0.18429020418208522
-0.1782306476133777
-0.1713240188894266
-0.1635627336533076
-0.15494656444468105
-0.14548355787401768
-0.13519086351774906
-0.12409534918176886
-0.11223425587366098
-0.09965535603906221
-0.086417179037043
-0.07258862580964269
-0.058248631745650745
-0.04348514525319121
-0.028394161145324434
-0.013078104017842396
0.0023557002468113947
0.017797060064131266
0.0331348413809486
0.048259111448127626
0.06306318617138515
0.077445562848141
0.09131173974522841
0.10457569219996021
0.11716116777401772
0.12900251926191225
0.1400453720070221
0.1502467417269716
0.15957506905397373
0.16800972620612348
0.1755405303541504
0.1821668234089406
0.1878966348228384
0.19274554995237542
0.1967357103282027
0.19989466101343256
0.20225434499717032
0.2038500669879916
0.20471959363690106
0.20490230692848496
0.2044384730220523
0.2033686053503252
0.2017329245348855
0.19957091255084947
0.19692096264928594
0.19382007927512326
0.19030370059776433
0.18640554308838148
0.18215745350465126
0.17758944012089162
0.17272961333319295
0.16760420625623912
0.1622376239410756
0.15665246596137922
0.15086966202706006
0.14490847904560078
0.1387866829774807
0.13252054731533608
0.126125035363213
0.11961380973242786
0.1129994005125209
0.10629322539762702
0.09950574037172281
0.09264647108189696
0.08572413613115858
0.078746691184249
0.07172142488599996
0.06465501723620565
0.05755360567407292
0.050422858937072566
0.04326801425522906
0.03609396738683627
0.02890528354708169
0.02170630021647043
0.014501120690033802
0.007293718877176454
8.793487058939817e-5
-0.007112441230087507
-0.01430364549764943
-0.021481894032846213
-0.0286433267981294
-0.03578398019781665
-0.042899734916541823
-0.04998626335212063
-0.05703899090928306
-0.06405308088436092
-0.0710233087901937
-0.0779440708150821
-0.08480935429705024
-0.09161259936562242
-0.0983467385750853
-0.10500406926717155
-0.11157620556652381
-0.11805407152457731
-0.12442773724571995
-0.13068645978145446
-0.13681852327923716
-0.14281122374235294
-0.1486507881296091
-0.15432227217961456
-0.15980955117206444
-0.16509517270207183
-0.1701603756912858
-0.17498495308556591
-0.1795472635448046
-0.18382414265820948
-0.1877909026498418
-0.19142130797517132
-0.19468758142507983
-0.1975604502355097
-0.20000919092762534
-0.20200175011056135
-0.20350486780002372
-0.20448427944911368
-0.20490495970463884
-0.20473141601528416
-0.203928093947516
-0.20245977108320723
-0.2002921538200711
-0.19739239624278526
-0.1937298561862681
-0.1892768223601936
-0.18400926569016762
-0.17790795279729738
-0.1709590336846553
-0.16315526220221846
-0.15449680635414806
-0.14499213973677655
-0.13465888894253925
-0.12352441436284962
-0.11162648518073597
-0.09901339724894492
-0.08574421336909542
-0.07188833624885017
-0.05752518266665373
-0.042743117442787
-0.027638502929540655
-0.01231403744545974
0.0031227541505590073
0.018561594474177295
0.03389135210617145
0.049002213818477046
0.06378770165216281
0.0781466265563443
0.09198486837483971
0.10521686331943383
0.11776686697162216
0.12956977934026828
0.14057178996694777
0.15073048450060053
0.1600148591389651
0.16840482079048463
0.175890671857101
