0.0
-0.02654708918686089
-0.08256582465838998
-0.14878176081134406
-0.21653936089951414
-0.28150482414624495
-0.34125668538493253
-0.39434954131121636
-0.439944971845669
-0.4776504278842637
-0.507425894782474
-0.5295083852578528
-0.5443409223492941
-0.5525057485677983
-0.5546649886489746
-0.5515115149455164
-0.5437311859431545
-0.5319761474988696
-0.5168477991946073
-0.498887625616369
-0.4785738364064797
-0.4563223997622704
-0.43249002452269686
-0.4073797935416946
-0.3812465568877521
-0.35430275993835514
-0.32672440122276575
-0.2986561326138336
-0.27021605019573164
-0.24150009257127067
-0.21258562238670853
-0.18353467774130844
-0.15439688205522314
-0.12521174986178554
-0.09601078651066652
-0.06681941062952931
-0.037658453244477086
-0.008545609655117156
0.020503181287661123
0.049472639177628557
0.07834690293508224
0.1071084170647472
0.13573680321277484
0.16420765087475375
0.19249120785619572
0.22055122548332898
0.2483430260688583
0.2758123827387284
0.30289320707183703
0.32950584446096637
0.35555442501850487
0.3809245928435061
0.4054805484950509
0.4290619099367179
0.45148063849102293
0.4725173511291561
0.49191809500475536
0.5093909529461752
0.5246031982347579
0.5371793798189597
0.5467005544090324
0.552705761040079
0.5546961660581712
0.5521432302449445
0.5445018284479658
0.5312290575197471
0.5118108908407335
0.4857951915699565
0.45283277818406736
0.4127240650647034
0.36546754849285623
0.31130762567983966
0.25077236005412035
0.18469574150757875
0.11421656506248806
0.0407479320906173
-0.03408443207296137
-0.10853087997344528
-0.18082586723875083
-0.2493017690255384
-0.31249351255282265
-0.36922067159036465
-0.4186374429750634
-0.4602474186689755
-0.493886222854269
-0.5196787479769455
-0.5379812535923546
-0.5493178425154326
-0.5543191883307126
-0.5536687786264585
-0.5480599357507562
-0.5381639440991204
-0.5246085548550581
-0.5079651891557927
-0.4887430201997099
-0.4673879836083419
-0.4442852885272369
-0.41976332336393213
-0.39409972839456875
-0.36752698448793863
-0.34023807226156344
-0.3123923193354341
-0.2841202474546583
-0.25552803920464356
-0.22670170007012622
-0.19771039222868783
-0.16860942322568037
-0.13944297090442526
-0.1102462241749924
-0.08104731941671899
-0.051869154650428594
-0.022730794820128478
0.006351150377141259
0.03536119876862533
0.06428392958610911
0.09310275305774023
0.12179881114842081
0.15034979683115057
0.17872878589912303
0.20690276409035652
0.23483147336394974
0.2624654753959247
0.28974479597711433
0.3165965623434923
0.3429331995156443
0.3686496609541547
0.3936209599579488
0.41769914432179517
0.44071001110218605
0.46244995444803755
0.4826822636423906
0.5011339158662586
0.5174924185058911
0.5314032965521512
0.542468806908481
0.5502481152235308
0.5542601273466038
0.5539894902634711
0.5488971021669734
0.5384363227164385
0.5220751367276428
0.49932669320342055
0.46978611761953315
0.4331746893744822
0.38938845485351303
0.3385462251832987
0.28103386413685816
0.2175348814136663
0.14904135466107515
0.07683830652991565
0.002457438772391936
-0.07239936037337821
-0.14596016935197434
-0.21649562246967927
-0.28243002114022614
-0.34243576288734684
-0.3954998553024565
-0.4409559453728682
-0.4784817130568975
-0.508067540282906
-0.5299647935195851
-0.5446236811675766
-0.5526301419901462
-0.5546480096822572
-0.5513705133564877
-0.5434829709399331
-0.5316364196113214
-0.5164308730417675
-0.49840624404860306
-0.47803918886788505
-0.4557440114392853
-0.43187620640354746
-0.40673748590682585
-0.3805815017275092
-0.3536198454462928
-0.3260275987088671
-0.29794865629627837
-0.2695006032798141
-0.24077881679118301
-0.2118602070168419
-0.18280654281282666
-0.15366712921896333
-0.12448122405075043
-0.09528022337779296
-0.06608937794094995
-0.036929400160566374
-0.007817983605970236
0.021229012098692074
0.05019629110035467
0.07906795095495958
0.10782640579988238
0.13645115889852222
0.1649177089196758
0.1931961789705018
0.22125001495810717
0.24903448438271467
0.27649496494700215
0.30356512520116136
0.330164884776959
0.3561979779389657
