0.0
-0.00048202722974936986
-0.0029076696378866613
-0.007687687902072198
-0.01472936582564294
-0.023847971042892865
-0.034856217492253254
-0.047571084742774584
-0.06180605113157548
-0.07736490592749765
-0.09403915635876822
-0.11160805944087998
-0.12984021051018535
-0.14849597043648347
-0.16733034888991938
-0.18609610077432462
-0.20454689474304286
-0.22244058390096147
-0.23954230117071654
-0.2556276059957151
-0.270485382564156
-0.2839206242283441
-0.2957570116510792
-0.3058391834571906
-0.3140348320186062
-0.3202363780378061
-0.3243624443570108
-0.32635886424837746
-0.3261994494148156
-0.32388628010933274
-0.3194497266351511
-0.31294800582461024
-0.30446645926792276
-0.29411639319771654
-0.2820336552559606
-0.2683768206197383
-0.2533251299984996
-0.23707612832395053
-0.21984307689175314
-0.20185214678459207
-0.1833394685775696
-0.16454799623614763
-0.14572438262671228
-0.127115645456482
-0.10896605604846074
-0.09151377139925466
-0.0749878944951895
-0.05960526793081026
-0.04556782983571083
-0.033059769701711726
-0.022245288309876765
-0.013266288173294082
-0.00624063726216705
-0.0012605305411832843
0.0016086664129644796
0.002329294596782824
0.0008919020725453514
-0.002684651394635261
-0.00835342400903988
-0.016040013116522946
-0.025643543434358016
-0.03703796230867014
-0.05007373810725226
-0.06457976781085938
-0.08036567831364555
-0.09722428198686844
-0.11493431796650565
-0.13326336020796128
-0.1519708294767641
-0.17081122952036534
-0.18953725085955758
-0.20790316952971907
-0.22566789217227584
-0.24259831628406112
-0.25847219241081176
-0.273081219364432
-0.2862336421788846
-0.29775684092276206
-0.3074995992272367
-0.3153340150870758
-0.3211573054040633
-0.32489300309181474
-0.32649211382077453
-0.32593362275264937
-0.3232248788410331
-0.3184014237995979
-0.31152656442639753
-0.30269053205561186
-0.2920092900415617
-0.27962303242713177
-0.2656943107521695
-0.25040594722447895
-0.23395857643335383
-0.21656808092353003
-0.19846268403631423
-0.17988002332049596
-0.1610639821025506
-0.14226150461746154
-0.12371938330919663
-0.10568094380864958
-0.08838297034678676
-0.07205244661938198
-0.056903747452644114
-0.043135647888216354
-0.030928887492912914
-0.02044363886746794
-0.011817542639984862
-0.005163794175974121
-0.000569728943327728
0.0019043584803947072
0.0022260018798191147
0.0003909750145764499
-0.00357663622631005
-0.009624757272153549
-0.017674016292337724
-0.027618760890842427
-0.039328482855512444
-0.0526494867804924
-0.06740694810130739
-0.08340718246995937
-0.10044018783613717
-0.11828243187400787
-0.1366997155912713
-0.15545035990739503
-0.17428822502023208
-0.19296612789819284
-0.2112388695640538
-0.22886669629123785
-0.2456181803557984
-0.261273539673867
-0.2756272364141434
-0.2884909442001188
-0.29969579118231915
-0.30909474258474307
-0.31656443645685783
-0.3220068298033542
-0.32535050769736534
-0.326551571147533
-0.3255942693438369
-0.32249115921397786
-0.31728296927817784
-0.3100380594942097
-0.30085150310173386
-0.28984388493331154
-0.2771596552518472
-0.2629653131354129
-0.24744711985149045
-0.23080878258732992
-0.21326862724010173
-0.19505690725682784
-0.17641259398738776
-0.15758042860763405
-0.1388075386642378
-0.12034033196378192
-0.10242117143380815
-0.08528523477203573
-0.0691574338785161
-0.05424942126519548
-0.04075687514272382
-0.0288568621229408
-0.01870557528354078
-0.010436240003322732
-0.004157385613205769
4.857409349659325e-5
0.0021264482298339695
0.0020489564147274154
-0.00018287807817723149
-0.004539764641358723
-0.010964526276649837
-0.019372832774387748
-0.02965434018657217
-0.041674097274706466
-0.05527435960023578
-0.07027662673847067
-0.08648399935154885
-0.10368377562503193
-0.12165019450479007
-0.14014748876587865
-0.1589328485990902
-0.17775977552011873
-0.19638111905708316
-0.21455254635364152
-0.23203549788507224
-0.24860059171662338
-0.2640303450840256
-0.2781223199220363
-0.29069150771929053
-0.30157298568319
-0.3106239180038633
-0.31772552063358656
-0.3227845958744271
-0.32573473282708987
-0.32653722643714095
-0.32518153315421544
-0.32168545260244447
-0.31609487068965175
-0.3084831508013231
-0.29895020662792343
-0.2876211378673546
-0.27464464583141857
