0.0
0.010622707503574982
0.033146605447250385
0.060248399788978814
0.089019336202314
0.11827550925840502
0.1475083874921994
0.17647429795683972
0.2050340576157126
0.23309054734741502
0.26056457342716527
0.2873856602576374
0.3134886322526431
0.3388124363411582
0.36329981409295364
0.386897277074806
0.40955518329498913
0.43122784115624296
0.4518735831115548
0.47145483790135095
0.4899381478036816
0.5072941928093723
0.523497741405794
0.5385276295604523
0.5523666616827462
0.5650015258602785
0.5764226911169646
0.5866242379864879
0.5956037576115851
0.603362152772623
0.6099034784005722
0.6152347864832819
0.6193658922114839
0.6223092324291206
0.6240796638773444
0.6246942382295346
0.6241720706784386
0.6225341238234731
0.6198030019318049
0.6160028346721513
0.6111590745748315
0.6052983101912136
0.5984481583915885
0.5906371126307739
0.5818943937817921
0.5722497798509247
0.5617335634329854
0.5503764296755467
0.5382093311702029
0.5252633465018312
0.5115696838350605
0.49715963636109134
0.482064382740302
0.46631498340284655
0.44994244674528905
0.4329775316277214
0.41545071796928124
0.39739232902088495
0.3788323715081004
0.3598004830071329
0.340326083781652
0.32043825958365385
0.3001656915854622
0.27953682179900086
0.25857977736570825
0.23732229016020392
0.21579186087856866
0.1940157223076531
0.17202075470571423
0.14983363787974177
0.12748085118034433
0.1049885885301106
0.0823828880760154
0.05968966890125484
0.036934649738659404
0.014143445434689804
-0.008658361142947667
-0.031445289556962734
-0.05419190571456503
-0.07687272740851347
-0.09946227359102185
-0.12193503362580406
-0.14426539325243204
-0.16642764281977734
-0.18839595530905712
-0.21014434144544133
-0.2316466955565249
-0.2528766977794962
-0.27380777460970634
-0.2944131337177914
-0.31466586955964293
-0.33453877536218307
-0.3540042967110791
-0.37303473723344244
-0.391602171889978
-0.40967832756797656
-0.427234725131428
-0.4442427253683874
-0.46067340243830984
-0.47649763251092747
-0.49168620920122735
-0.5062097486987951
-0.5200387500346271
-0.53314374008005
-0.5454952300735405
-0.557063770379714
-0.5678201003861736
-0.5777351660614654
-0.5867801822368245
-0.5949267819750781
-0.6021470919697426
-0.6084138155788327
-0.6137003763928615
-0.6179810469366359
-0.6212310621065967
-0.6234267542904603
-0.6245457235018138
-0.624566991179934
-0.6234711240333104
-0.621240424301773
-0.6178591343550641
-0.6133135468223126
-0.6075921870726001
-0.6006860673408433
-0.5925887815705053
-0.5832966788054225
-0.5728090922277695
-0.5611284895795913
-0.5482605489537963
-0.5342144260424744
-0.5190028442822996
-0.5026421235138042
-0.4851523821761383
-0.466557705375628
-0.44688599740415513
-0.426169096845445
-0.4044429803766877
-0.3817474888554985
-0.3581263401022091
-0.33362728876309444
-0.3083017541952416
-0.28220472799189894
-0.25539485562576003
-0.22793397319627054
-0.19988692147665754
-0.1713215319534263
-0.1423080821554483
-0.11291904349258094
-0.08322896330806316
-0.05331386581050151
-0.02325096822295318
0.006881545246780264
0.03700512553865046
0.0670411374661227
0.0969112014525254
0.12653771369812958
0.1558441215103299
0.1847553020706496
0.21319803201474505
0.24110117834725045
0.26839609507148954
0.29501696154371043
0.3209009385863948
0.3459885185158972
0.3702237236835591
0.39355419416180154
0.41593144110040126
0.4373109818551381
0.45765230121011236
0.4769190041088091
0.4950788770379774
0.5121037544581579
0.5279695808824408
0.5426563835674474
0.55614807687554
0.5684324511524322
0.579501060678388
0.589348997699819
0.597974825311151
0.6053804005239135
0.6115706410150965
0.6165534205359096
0.6203393535400622
0.6229415690878833
0.6243755892398012
0.6246590997865146
0.6238117379753839
0.6218549757842117
0.61881189408634
0.6147069896459443
0.6095660698461464
0.6034160599179984
0.5962848298775267
0.5882010739309058
0.5791941844612485
0.569294171580561
0.5585314292169018
0.5469366651394926
0.5345408909960947
0.5213752823500235
