0.0
0.00917157152559415
0.02862607549629703
0.05206926471218092
0.07703442382372372
0.10255001362020312
0.12822843165252873
0.15390956607971254
0.17952142813224192
0.2050256795791548
0.23039634090529826
0.255611395006263
0.28064942447394403
0.30548819233263286
0.33010397159694316
0.35447116555029085
0.3785620210840272
0.40234637936694556
0.4257914645722204
0.448861597022993
0.47151801870758875
0.49371856070005443
0.5154174825425065
0.5365651169135834
0.5571077129348505
0.5769870797037967
0.5961404408166128
0.6145000960402205
0.6319933082319729
0.6485420085991922
0.6640627474202175
0.6784664814035316
0.6916586288541433
0.7035389954852479
0.714001984086661
0.7229367358722266
0.7302275538466976
0.7357543578711276
0.7393933868587436
0.7410180865692643
0.7405001489699016
0.7377109669405525
0.7325230550466232
0.7248121766633346
0.7144592195773145
0.7013529216007378
0.685392461363198
0.6664901870287196
0.6445756473562873
0.6195976497986093
0.5915287653369411
0.5603681713552083
0.5261449686238039
0.4889211790198757
0.44879397064334836
0.40589802654056145
0.36040611697007835
0.3125299148401077
0.2625186021511256
0.21065765073420917
0.15726512823294067
0.10268820231797486
0.04729729413192614
-0.00851944955538538
-0.06436351809011286
-0.11983299235663977
-0.17453029778578485
-0.22806960865085038
-0.28008383785935176
-0.3302312175018531
-0.3782006372088263
-0.42371632810746596
-0.46654087541786937
-0.5064776318183724
-0.5433711435640128
-0.5771072754025555
-0.6076114264387389
-0.6348467702128224
-0.6588109267288719
-0.6795329347044822
-0.6970691589759493
-0.7114996749491812
-0.7229241000419719
-0.7314579568827629
-0.7372289258435304
-0.7403735909733468
-0.7410343782160592
-0.7393569111557746
-0.735487707647156
-0.7295722265859673
-0.7217532555343383
-0.7121696446563299
-0.7009552214634512
-0.6882381489921376
-0.674140363713605
-0.658777040232897
-0.6422567042334667
-0.6246810176741302
-0.6061448532779905
-0.586736472529742
-0.5665376073594864
-0.5456239505927561
-0.5240651814880256
-0.5019255510909497
-0.4792639128994605
-0.45613438208129853
-0.43258636981603205
-0.40866519148956726
-0.3844121394816762
-0.35986502812300697
-0.33505830715730944
-0.31002350763299724
-0.2847894014129314
-0.2593823480655906
-0.23382650597927304
-0.20814407135818289
-0.18235554533483497
-0.1564798684841449
-0.13053474643987345
-0.10453668941827232
-0.0785013840273515
-0.0524436699374288
-0.026377918892428867
-0.0003180186847453103
0.025722323694362965
0.051729495906910755
0.0776898133855053
0.10358931620667146
0.12941366992632222
0.15514797693619345
0.1807765863534724
0.20628295403860158
0.23164958793036836
0.2568575935387472
0.28188670453691894
0.30671517598069264
0.33131928393249066
0.3556734687960433
0.37974987371280516
0.40351817095233544
0.42694553711697586
0.4499960604879617
0.47263088892019406
0.49480765173646996
0.5164804046111852
0.5375993369923289
0.5581104025804042
0.5779552859163802
0.5970708699363372
0.6153893047256553
0.6328375109616811
0.6493372221902645
0.664804663733582
0.6791505516252081
0.6922800043544386
0.7040925649415741
0.7144823676946307
0.7233383003749183
0.7305444410832366
0.7359805042447172
0.7395225712584099
0.7410439720481514
0.7404163469039446
0.7375111123171831
0.7322008855213803
0.7243616428360398
0.7138745961772078
0.7006289273794433
0.6845244178600267
0.6654741658633376
0.6434086133878951
0.6182776715693257
0.590055134522702
0.5587416098393246
0.5243677424947609
0.48699727950660726
0.44672917042278626
0.40370000844949755
0.3580844567603627
0.3100961174720661
0.25998598723315824
0.20804127883258589
0.15458156587903427
0.09995534525808562
0.04453402803761706
-0.011293519409172592
-0.06712847613117066
-0.12256893253848918
-0.17721774631292586
-0.23068983722149974
-0.2826192525010211
-0.3326656042248759
-0.3805194487877272
-0.4259068545832829
-0.4685923858461934
-0.5083814356918521
-0.5451206115463224
-0.5786977873741511
-0.6090402960012519
-0.6361130658188417
