0.0
-0.027028369917894472
-0.08545863751143966
-0.1563654176122342
-0.23084981047703632
-0.30415346403561544
-0.3733705871977669
-0.4365637287667134
-0.4924327970545727
-0.5401857239862935
-0.5794674398385729
-0.6102945413932397
-0.6329825375398347
-0.6480681822932541
-0.6562338503432674
-0.6582403577959194
-0.6548721699137623
-0.6468963527929641
-0.6350345284145076
-0.619946017009622
-0.6022196876290485
-0.5823722248583737
-0.5608507151260711
-0.5380377103401186
-0.5142579329732643
-0.4897852211956264
-0.46484958482360667
-0.439643807945872
-0.41432937633999434
-0.3890419671794205
-0.36389603495420336
-0.33898881769111017
-0.31440400937947993
-0.29021451892345507
-0.2664850655251799
-0.24327445358849686
-0.22063711374681685
-0.19862493207881762
-0.17728834009420907
-0.156677454967127
-0.1368430880267797
-0.1178372568049528
-0.09971406794491854
-0.08252984598561089
-0.06634369555952538
-0.051217435777031646
-0.03721570180813327
-0.024405703418066756
-0.012856813563505862
-0.0026400510740104146
0.006172851389419404
0.01351039351312024
0.01930274284812276
0.023483247664323515
0.025990338635079296
0.026769660402537233
0.025776358133997194
0.022977716539711077
0.018355674276448353
0.011909640408629709
0.00365894715600539
-0.006354697681413791
-0.01806528796496138
-0.031381070552108974
-0.04618381433656914
-0.06232890761601405
-0.07964648043521215
-0.09794342784570764
-0.11700659885650715
-0.1366068741692969
-0.15650402758161439
-0.17645243220819695
-0.19620677141727255
-0.21552828017228648
-0.2341903054172159
-0.25198371438986694
-0.26872130320660453
-0.28424129020612515
-0.2984098725847329
-0.31112230840378546
-0.322303431167061
-0.3319065477094705
-0.3399121545183913
-0.3463253426491642
-0.35117334881104695
-0.3545022421234505
-0.35637404406764517
-0.3568633848734129
-0.3560547606958879
-0.35403963799279026
-0.35091417730503216
-0.3467770338740054
-0.3417276412596675
-0.3358647877950259
-0.32928537050923706
-0.32208368043002217
-0.31435066925827015
-0.306173468653616
-0.29763532338695226
-0.28881526310239897
-0.27978822674174375
-0.2706251039203008
-0.26139273341153696
-0.25215433853895025
-0.24296936503728586
-0.23389401414280328
-0.2249811665614145
-0.2162806631074502
-0.20783956262444384
-0.19970196381779154
-0.19190954477218622
-0.18450120223620967
-0.1775133126893588
-0.17097980205761798
-0.16493175781431244
-0.15939780132254638
-0.15440364969058754
-0.14997204437414388
-0.1461227560058281
-0.1428721101838133
-0.1402330387171381
-0.13821472442492577
-0.13682237651030243
-0.13605713687227342
-0.13591572998588689
-0.13639040659156204
-0.1374687695413037
-0.13913365729605226
-0.14136315626320026
-0.14413060792766128
-0.1474047020358224
-0.15114964739361678
-0.15532549119505124
-0.15988837195114236
-0.16479097598600614
-0.16998310322044588
-0.1754120948353698
-0.18102357148678805
-0.18676208009767498
-0.19257171295297093
-0.19839695591233403
-0.20418327272443054
-0.2098778453902583
-0.21543026876578314
-0.22079303606784062
-0.22592218986679985
-0.23077770893126676
-0.2353238588528265
-0.2395295916005489
-0.24336856999368447
-0.24681934859227336
-0.2498655062381724
-0.2524953291406324
-0.2547018225904393
-0.256482618267055
-0.2578394698997365
-0.2587781243722019
-0.2593080359483194
-0.2594418477684472
-0.2591951845983628
-0.25858627772224707
-0.25763549358128657
-0.2563651130324697
-0.2547989714891749
-0.25296205411211137
-0.25088029409585777
-0.24858030187850727
-0.24608905123433716
-0.24343364134020937
-0.24064116709174663
-0.2377385332497416
-0.23475217032096785
-0.23170795421647555
-0.22863116830979702
-0.2255462550964174
-0.22247668181551009
-0.21944501485844228
-0.21647274927118496
-0.2135801107122904
-0.21078615764910164
-0.20810874670881618
-0.20556426167660904
-0.20316766286888754
-0.20093263549148252
-0.19887128180227648
-0.19699406048678167
-0.19531001914992369
-0.1938266586466326
-0.19254972326147146
-0.19148332169978408
-0.19063010636832967
-0.1899910063552679
-0.18956523438918635
-0.1893505228117448
-0.18934304439852415
-0.18953736959029205
-0.1899266065080443
-0.1905025154336066
-0.1912555091006233
-0.19217471950352583
